name = 'C-C_ads'
DFT_energy = [-378130.498959777, 'eV']
ZPE_energy = [0.193, 'eV']
frequencies = [122.5,341.9,394.8,455.5,483.2,1316.2]
gas_DFT_energy = [-507.977806304238, 'eV']
gas_ZPE_energy = [0.132, 'eV']
composition = {'H':0, 'C':2, 'N':0, 'O':0, 'Pt':1}
sites = 1
BEE = []
gas_BEE = []
