name = 'CH2-CH2_ads'
DFT_energy = [-378199.890193709, 'eV']
ZPE_energy = [1.446, 'eV']
frequencies=[129.5,146.1,193.8,461.9,559.4,662.8,812.5,941.2,991.8,1050,1066.2,1204.8,1424.4,1453.7,3013.7,3022.9,3081.1,3105.8,'cm-1']
gas_DFT_energy = [-582.81465067567, 'eV']
gas_ZPE_energy = [1.369, 'eV']
composition = {'H':4, 'C':2, 'N':0, 'O':0, 'Pt':1}
sites = 1
BEE = []
gas_BEE =[]
