name = 'CH2CH2_ads'
DFT_energy = [-378199.133882819, 'eV']
ZPE_energy = [1.4, 'eV']
frequencies=[12, 12, 67.0, 107.9, 218.6, 231.7, 815.6, 950.4, 965.8, 1020.0, 1219.8, 1348.6, 1455.2, 1624.4, 3093.6, 3103.1, 3165.7, 3194.0,'cm-1']
gas_DFT_energy = [-582.81465067567, 'eV']
gas_ZPE_energy = [1.369, 'eV']
composition = {'H':4, 'C':2, 'N':0, 'O':0, 'Pt':1}
sites = 1
BEE = []
gas_BEE = []
