name = 'CH2CCH2_ads'
DFT_energy = [-378456.442787527, 'eV']
ZPE_energy = [1.51, 'eV']
frequencies=[12, 12, 139.8, 145.0, 176.0, 186.8, 350.7, 411.6, 834.5, 840.4, 853.3, 996.9, 1003.0, 1095.4, 1406.4, 1455.7, 1983.4, 3080.0, 3084.4, 3151.4, 3155.9,'cm-1']
gas_DFT_energy = [-840.072071310051, 'eV']
gas_ZPE_energy = [1.488, 'eV']
composition = {'H':4, 'C':3, 'N':0, 'O':0, 'Pt':1}
sites = 1
BEE = []
gas_BEE = []
