name = 'CH3CHCH2-bi_ads'
DFT_energy = [-378491.945742647, 'eV']
ZPE_energy = [2.206, 'eV']
frequencies=[114.9, 150.7, 216.8, 247.8, 311.7, 392.6, 448.5, 563.3, 745.8, 878.7, 939.1, 975.2, 1033.2, 1056, 1099.4, 1178.1, 1331.1, 1382.6, 1434.9, 1453.4, 1465.1, 2952.4, 3007.4, 3015.5, 3029.9, 3069.5, 3085.3,'cm-1']
gas_DFT_energy = [-874.7486484, 'eV']
gas_ZPE_energy = [2.127, 'eV']
composition = {'H':6, 'C':3, 'N':0, 'O':0, 'Pt':1}
sites = 1
BEE = []
gas_BEE = []
