name = 'CHCH_ads'
DFT_energy = [-378165.868604014, 'eV']
ZPE_energy = [0.816, 'eV']
frequencies=[229.8,316.1,331.7,526.3,600.6,754.2,838.8,980.3,1129.2,1275.9,3081.8,3099.9,'cm-1']
gas_DFT_energy = [-547.786709174066, 'eV']
gas_ZPE_energy = [0.713, 'eV']
composition = {'H':2, 'C':2, 'N':0, 'O':0, 'Pt':1}
sites = 1
BEE = []
gas_BEE = []
