name = 'h-CHCHCH_ads'
DFT_energy = [-378440.515172291, 'eV']
ZPE_energy = [1.277, 'eV']
gas_DFT_energy = [-818.027030036706, 'eV']
gas_ZPE_energy = [1.05, 'eV']
composition = {'H':3, 'C':3, 'N':0, 'O':0, 'Pt':1}
sites = 1
frequencies = [12,234.3,234.6,395.5,502.1,605.2,646.5,726.6,868.1,928.5,1066.4,1133.8,1237.1,1352.7,1448.2,3053.6,3080.3,3086.1,'cm-1']
BEE = []
gas_BEE = []
