name = 'CHCH2_ads'
DFT_energy = [-378182.268227642, 'eV']
ZPE_energy = [1.105, 'eV']
frequencies=[60.3, 116.4, 186.1, 320.7, 477.5, 511.5, 866.8, 908.7, 956.5, 1212.6, 1375.5, 1572.7, 3067.4, 3090.0, 3155.9,'cm-1']
gas_DFT_energy = [-563.219553695001, 'eV']
gas_ZPE_energy = [0.988, 'eV']
composition = {'H':3, 'C':2, 'N':0, 'O':0, 'Pt':1}
sites = 1
BEE = []
gas_BEE = []
