name = 'H2C-O_ads'
DFT_energy = [-378485.295655403, 'eV']
ZPE_energy = [0.775, 'eV']
frequencies=[83.6,120.6,202,318,496,644.6,956.6,1149.2,1179.3,1456.5,2907.7,2988,'cm-1']
gas_DFT_energy = [-868.953336305351, 'eV']
gas_ZPE_energy = [0.718, 'eV']
composition = {'H':2, 'C':1, 'N':0, 'O':1, 'Pt':1}
sites = 1
BEE = []
gas_BEE = [] 
