name = 'H2C-O_ads'
DFT_energy = [-378485.2154356994, 'eV']
ZPE_energy = [0.747, 'eV']
frequencies=[12,51.8,120.6,134.2,143.2,244.1,1160.6,1229.2,1498.6,1740.1,2841.2,2892.1,'cm-1']
gas_DFT_energy = [-868.953336305351, 'eV']
gas_ZPE_energy = [0.718, 'eV']
composition = {'H':2, 'C':1, 'N':0, 'O':1, 'Pt':1}
sites = 1
BEE = []
gas_BEE = [] 
