name = 'HCO_ads'
DFT_energy = [-378469.269044336, 'eV']
ZPE_energy = [0.487, 'eV']
frequencies=[12,126.5,253,302.5,552.2,834.6,1189,1725.1,2875.1,'cm-1']
gas_DFT_energy = [-850.499157819226, 'eV']
gas_ZPE_energy = [0.362, 'eV']
composition = {'H':1, 'C':1, 'N':0, 'O':1, 'Pt':1}
sites = 1
BEE = []
gas_BEE = [] 
