name = 'CC_ads'
DFT_binding_energy = [-6.388153472740669, 'eV']
heat_of_formation_0K = [210.39801637020992, 'kJ/mol']
composition = {'H':0, 'C':2, 'N':0, 'O':0, 'Pt':1}
sites = 1
adsorbate_mass = [24.02, 'amu']
frequencies = [122.5,341.9,394.8,455.5,483.2,1316.2,'cm-1']
