name = 'CH_ads'
DFT_binding_energy = [-4.819811169989407, 'eV']
heat_of_formation_0K = [-20.21200874357669, 'kJ/mol']
composition = {'H':1, 'C':1, 'N':0, 'O':0, 'Pt':1}
sites = 1
adsorbate_mass = [13.02, 'amu']
frequencies = [404,413.5,612.3,791.8,791.9,3032.6,'cm-1']
