name = 'CH2CH2_ads'
DFT_binding_energy = [-0.2162321432842873, 'eV']
heat_of_formation_0K = [14.433638939194601, 'kJ/mol']
composition = {'H':4, 'C':2, 'N':0, 'O':0, 'Pt':1}
sites = 1
adsorbate_mass = [28.06, 'amu']
frequencies = [12, 12, 67.0, 107.9, 218.6, 231.7, 815.6, 950.4, 965.8, 1020.0, 1219.8, 1348.6, 1455.2, 1624.4, 3093.6, 3103.1, 3165.7, 3194.0,'cm-1']
