name = 'CH2CH2_ads'
DFT_binding_energy = [-0.9265430333325639, 'eV']
heat_of_formation_0K = [-54.100707287113366, 'kJ/mol']
composition = {'H':4, 'C':2, 'N':0, 'O':0, 'Pt':1}
sites = 1
adsorbate_mass = [28.06, 'amu']
frequencies = [129.5,146.1,193.8,461.9,559.4,662.8,812.5,941.2,991.8,1050,1066.2,1204.8,1424.4,1453.7,3013.7,3022.9,3081.1,3105.8,'cm-1']
