name = 'CH2CH3_ads'
DFT_binding_energy = [-2.3006636992795393, 'eV']
heat_of_formation_0K = [-66.00185522116254, 'kJ/mol']
composition = {'H':5, 'C':2, 'N':0, 'O':0, 'Pt':1}
sites = 1
adsorbate_mass = [29.07, 'amu']
frequencies = [90.4,133.8,154.5,234.3,275,499.5,691,915.7,941.5,1013.9,1172,1229.1,1379.2,1438.4,1446.3,1462,2947.6,3000.4,3019.1,3043.7,3067.5,'cm-1']
