name = 'CH3_ads'
DFT_binding_energy = [-1.7210947649437003, 'eV']
heat_of_formation_0K = [-39.50461915409561, 'kJ/mol']
composition = {'H':3, 'C':1, 'N':0, 'O':0, 'Pt':1}
sites = 1
adsorbate_mass = [15.04, 'amu']
frequencies = [77.7,211.2,212.1,507.2,781.3,783.2,1198.2,1427.2,1428,2994.9,3100.6,3100.8,'cm-1']
