name = 'CH3CH3_ads'
DFT_binding_energy = [-0.1915499658207409, 'eV']
heat_of_formation_0K = [-94.90479231562517, 'kJ/mol']
composition = {'H':6, 'C':2, 'N':0, 'O':0, 'Pt':1}
sites = 1
adsorbate_mass = [30.08, 'amu']
frequencies = [12,77.2,83.5,162.4,197.9,226.8,314.6,811.2,816.7,996.7,1200.5,1205.5,1389.3,1401.6,1469.4,1474.7,1480.5,1485.4,2964.3,2984,3020,3031.5,3055.9,3061.9,'cm-1']
