name = 'CH3OH_ads'
DFT_binding_energy = [-0.30356818239670247, 'eV']
heat_of_formation_0K = [-234.40024525514562, 'kJ/mol']
composition = {'H':4, 'C':1, 'N':0, 'O':1, 'Pt':1}
sites = 1
adsorbate_mass = [32.05, 'amu']
frequencies = [48.5,131.2,143.9,186.5,213.1,233.4,463.2,977.4,1060.1,1148,1334.8,1447.6,1471,1480.6,2984,3051.3,3102.8,3697.2,'cm-1']
