name = 'CH3OCH3_ads'
DFT_binding_energy = [-0.3617480000248179, 'eV']
heat_of_formation_0K = [-228.57753345091834, 'kJ/mol']
composition = {'H':6, 'C':2, 'N':0, 'O':1, 'Pt':1}
sites = 1
adsorbate_mass = [46.08, 'amu']
frequencies = [12,67.3,91.6,107.9,169.1,210.4,236.6,268,423.3,867.8,1053.7,1137.1,1144.3,1167.9,1241.2,1431.2,1454.9,1456.7,1467.5,1469.1,1479.5,2941.9,2952.7,3003.4,3005.5,3074.3,3076.7,'cm-1']
