name = 'CH3OCH2OH_ads'
DFT_binding_energy = [-0.459080106113106, 'eV']
heat_of_formation_0K = [-432.20921044974546, 'kJ/mol']
composition = {'H':6, 'C':2, 'N':0, 'O':2, 'Pt':1}
sites = 1
adsorbate_mass = [62.08, 'amu']
frequencies = [12,12,47.3,88.7,149.6,175.3,185.8,210.4,366.4,420.9,566.6,850.8,984.8,1001.3,1077.1,1151.2,1169.3,1272.6,1365,1395.6,1448,1460.1,1472.4,1479.6,2975.4,2984.1,3045.4,3047.5,3087.8,3607.9,'cm-1']
