name = 'CH4_ads'
DFT_binding_energy = [-0.12515463470481336, 'eV']
heat_of_formation_0K = [-78.58979197772777, 'kJ/mol']
composition = {'H':4, 'C':1, 'N':0, 'O':0, 'Pt':1}
sites = 1
adsorbate_mass = [16.05, 'amu']
frequencies = [12,12,12,12,48.4,226.5,1311.4,1323.3,1324.7,1534.9,1536,2986.8,3080.7,3096.4,3101.7,'cm-1']
