name = 'CHC_ads'
DFT_binding_energy = [-4.558951118960977, 'eV']
heat_of_formation_0K = [128.0449245155021, 'kJ/mol']
composition = {'H':1, 'C':2, 'N':0, 'O':0, 'Pt':1}
sites = 1
adsorbate_mass = [25.03, 'amu']
frequencies = [227.5,240.4,327.8,391.7,461.7,711.3,850.4,1461.6,3212.3,'cm-1']
