name = 'CHCH-bi_ads'
DFT_binding_energy = [-1.9068948399508372, 'eV']
heat_of_formation_0K = [12.777435796579141, 'kJ/mol']
composition = {'H':2, 'C':2, 'N':0, 'O':0, 'Pt':1}
sites = 1
adsorbate_mass = [26.04, 'amu']
frequencies = [229.8,316.1,331.7,526.3,600.6,754.2,838.8,980.3,1129.2,1275.9,3081.8,3099.9, 'cm-1']
