name = 'HC-CH3_ads'
DFT_binding_energy = [-3.853489365254063, 'eV']
heat_of_formation_0K = [-30.006786180882727, 'kJ/mol']
composition = {'H':4, 'C':2, 'N':0, 'O':0, 'Pt':1}
sites = 1
adsorbate_mass = [28.06, 'amu']
frequencies = [12,107.7,189.3,332.7,455.6,509.4,815.8,953.3,967.3,1040.2,1259.6,1363.2,1431.3,1432.7,2946.4,2969.4,3007.4,3019.7,'cm-1']
