name = 'H2COH_ads'
DFT_binding_energy = [-2.34690507868072, 'eV']
heat_of_formation_0K = [-227.11735541390874, 'kJ/mol']
composition = {'H':3, 'C':1, 'N':0, 'O':1, 'Pt':1}
sites = 1
adsorbate_mass = [31.04, 'amu']
frequencies = [25.3,72.1,150.6,228.2,423.7,517.9,772.3,1014.1,1111.2,1187.2,1357.3,1449.5,2993.7,3103.7,3664,'cm-1']
