name = 'H2CO2H2_ads'
DFT_binding_energy = [-0.34114193433197215, 'eV']
heat_of_formation_0K = [-428.6342249747209, 'kJ/mol']
composition = {'H':4, 'C':1, 'N':0, 'O':2, 'Pt':1}
sites = 1
adsorbate_mass = [48.05, 'amu']
frequencies = [12,12,50.4,87.7,99.1,140.9,327.7,428.4,515.6,930.1,964.9,1015.1,1140.1,1328,1369.7,1402.2,1478.4,2970.5,3094.4,3696.2,3718,'cm-1']
