name = 'HCO-bi_ads'
DFT_binding_energy = [-2.2749188817688264, 'eV']
heat_of_formation_0K = [-194.1016802624869, 'kJ/mol']
composition = {'H':1, 'C':1, 'N':0, 'O':1, 'Pt':1}
sites = 1
adsorbate_mass = [29.02, 'amu']
frequencies = [17.2,161,250.4,292.5,520,736.4,1171.3,1295.3,2951.6,'cm-1']
