name = 'HCO_ads'
DFT_binding_energy = [-2.5728865167475305, 'eV']
heat_of_formation_0K = [-222.85108752340716, 'kJ/mol']
composition = {'H':1, 'C':1, 'N':0, 'O':1, 'Pt':1}
sites = 1
adsorbate_mass = [29.02, 'amu']
frequencies = [12,126.5,253,302.5,552.2,834.6,1189,1725.1,2875.1,'cm-1']
