name = 'OH_ads'
DFT_binding_energy = [-1.6278072450077161, 'eV']
heat_of_formation_0K = [-148.52901804847764, 'kJ/mol']
composition = {'H':1, 'C':0, 'N':0, 'O':1, 'Pt':1}
sites = 1
adsorbate_mass = [17.01, 'amu']
frequencies = [42.4,105.9,301.5,468.7,484.5,3674.8,'cm-1']
