name = 'OOH_ads'
DFT_binding_energy = [-1.2054488717694767, 'eV']
heat_of_formation_0K = [-118.0860213280302, 'kJ/mol']
composition = {'H':1, 'C':0, 'N':0, 'O':2, 'Pt':1}
sites = 1
adsorbate_mass = [33.01, 'amu']
frequencies = [12,12,37.3,200.4,292.7,322.8,415.4,1192.2,3654,'cm-1']
